20000110
20000200
20000300
20000400
20000500
20000600
20000700
20000800
20000900
20001000
20001200
20001300
20002200
20002500
20002600
20002700
20003200
20004100
20004200
20004300
20004410
20005100
20005110
24000150
24000160
24000170
24000210
24000220
24000230
24000330
24000370
24000400
24000427
24000439
24000480
24000485
24000519
24000520
24000521
24000522
24000523
24000524
24000526
24000536
24000538
24000548
24000549
24000550
24000552
24000555
24000556
24000557
24000560
24000564
24000567
24000568
24000569
24000570
24000572
24000573
24000585
24000587
24000605
24000608
24000637
24000658
24000664
24000665
24000666
24000667
24000668
24000678
24000732
24000737
24000741
24000754
24000806
24000833
24000835
24000836
24000866
24000867
