1
4
11
15
27
71
85
94
100
107
110
112
113
117
120
121
124
125
138
141
142
146
150
151
153
160
163
170
176
181
186
189
190
197
198
199
200
202
204
208
210
211
212
214
215
225
230
239
245
246
251
252
260
275
300
304
308
310
320
326
331
348
351
380
386
400
405
410
426
431
438
442
482
510
600
610
620
700
800
960
1000
2010
2200
2400
2410
2600
2610
3000
3110
3200
3845
4000
4200
5685
7100
7887
8280
8290
1000022
1000050
1000060
1000070
1000080
1000082
1000090
1000100
1000170
1000193
1000201
1000216
1000232
1000233
1000234
1000239
1000243
1000245
1000251
1000252
1000253
1000254
1000255
1000256
1000257
1000258
1000260
1000263
1000266
1000267
1000268
1000269
1000270
1000271
1000272
1000273
1000274
1000276
1000278
1000280
1000281
1000284
1000285
1000286
1000287
1000290
1000291
1000292
1000293
1000294
1000296
1000297
1000298
1000299
1000300
1000302
1000304
1000305
1000306
1000310
1000311
1000312
1000313
1000314
1000315
1000316
1000317
1000318
1000319
1000320
1000321
1000322
1000323
1000324
1000325
1000329
1000331
1000334
1000335
1000341
1000342
1000343
1000346
1000347
1000348
1000350
1000351
1000352
1000353
1000354
1000355
1000356
1000362
1000363
1000365
1000370
1000371
1000373
1000376
1000379
1000381
1000382
1000383
1000386
1000388
1000389
1000390
1000393
1000394
1000395
1000396
1000398
1000400
1000401
1000404
1000406
1000407
1000408
1000409
1000410
1000414
1000415
1000416
1000418
1000419
1000420
1000421
1000424
1000425
1000426
1000427
1000428
1000431
1000432
1000433
1000434
1000435
1000436
1000437
1000438
1000439
1000440
1000441
1000442
1000443
1000444
1000445
1000446
1000448
1000451
1000452
1000453
1000457
1000458
1000459
1000462
1000470
1000471
1000472
1000473
1000475
1000476
1000477
1000478
1000482
1000483
1000486
1000487
1000488
1000489
1000490
1000491
1000492
1000493
1000494
1000498
1000499
1000502
1000504
1000505
1000506
1000507
1000508
1000509
1000510
1000511
1000515
1000516
1000518
1000519
1000520
1000521
1000522
1000523
1000524
1000528
1000529
1000530
1000531
1000533
1000534
1000536
1000537
1000538
1000540
1000544
1000545
1000546
1000549
1000551
1000558
1000559
1000560
1000561
1000567
1000568
1000569
1000571
1000573
1000595
1000596
1000597
1000599
1000600
1000601
1000605
1000606
1000607
1000610
1000612
1000614
1000615
1000617
1000618
1000619
1000620
1000621
1000622
1000627
1000632
1000636
1000644
1000648
1000649
1000650
1000655
1000656
1000657
1000658
1000659
1000661
1000662
1000663
1000665
1000666
1000669
1000670
1000671
1000675
1000676
1000680
1000683
1000684
1000687
1000688
1000689
1000690
1000691
1000692
1000694
1000695
1000698
1000699
1000700
1000701
1000705
1000706
1000707
1000714
1000716
1000717
1000719
1000720
1000721
1000724
1000728
1000729
1000730
1000731
1000734
1000740
1000741
1000743
1000744
1000746
1000747
1000750
1000755
1000756
1000757
1000758
1000760
1000761
1000762
1000763
1000765
1000768
1000769
1000770
1000771
1000772
1000774
1000775
1000776
1000777
1000778
1000779
1000780
1000781
1000782
1000785
1000786
1000787
1000789
1000790
1000791
1000793
1000794
1000795
1000796
1000797
1000798
1000799
1000804
1000805
1000806
1000807
1000808
1000809
1000812
1000813
1000814
1000821
1000822
1000823
1000825
1000828
1000829
1000830
1000831
1000832
1000833
1000834
1000835
1000836
1000837
1000838
1000839
1000840
1000841
1000843
1000846
1000847
1000850
1000851
1000852
1000854
1000855
1000857
1000858
1000859
1000862
1000863
1000864
1000865
1000867
1000868
1000872
1000873
1000874
1000875
1000876
1000877
1000878
1000882
1000883
1000884
1000885
1000889
1000892
1000893
1000894
1000895
1000898
1000899
1000900
1000901
1000902
1000914
1000926
1000929
1000932
1000933
1000935
1000936
1000937
1000942
1000945
1000950
1000963
1000974
1000976
1000977
1000978
1000979
1000982
1000983
1000984
1000985
1000986
1000987
1000988
1000989
1000990
1000991
1000993
1000996
1000997
1001002
1001003
1001004
1001005
1001006
1001010
1001013
1001016
1001024
1001025
1001026
1001027
1001029
1001031
1001035
1001041
1001042
1001043
1001045
1001046
1001047
1001048
1001049
1001050
1001051
1001052
1001053
1001054
1001055
1001056
1001058
1001059
1001060
1001061
1001063
1001066
1001068
1001070
1001071
1001074
1001075
1001078
1001079
1001080
1001082
1001083
1001084
1001086
1001087
1001089
1001094
1001095
1001096
1001097
1001098
1001099
1001100
1001101
1001102
1001126
1001138
1001140
1001141
1001142
1001152
1001153
1001168
1001169
1001170
1001171
1001173
1001175
1001187
1001193
1001194
1001198
1001215
10000100
10000200
10000300
10000400
10002508
10010020
10010070
10010071
10010072
10020000
15001166
15001441
15001525
15001552
15001555
15001565
15001597
15004303
30005010
30005075
30005080
30005110
30010009
